enemy_color: "red"
# enemy_color: "blue"

# #####-----神经网络参数-----#####
# yolo_name: yolov5
# classify_model: assets/tiny_resnet.onnx
# yolo11_model_path: assets/yolo11.xml
# yolov8_model_path: assets/yolov8.xml
# yolov5_model_path: assets/yolov5.xml
# device: GPU
# min_confidence: 0.8
# use_traditional: true

# #####-----ROI-----#####
# roi: 
#   x: 420
#   y: 50
#   width: 600
#   height: 600

# use_roi: false

# #####-----传统方法参数-----#####
# threshold: 150
# max_angle_error: 45 # degree
# min_lightbar_ratio: 1.5
# max_lightbar_ratio: 20
# min_lightbar_length: 8
# min_armor_ratio: 1
# max_armor_ratio: 5
# max_side_ratio: 1.5
# max_rectangular_error: 25 # degree

# #####-----tracker参数-----#####
# min_detect_count: 3
# max_temp_lost_count: 15
# outpost_max_temp_lost_count: 75

# #####-----aimer参数----
# yaw_offset: -2.59
# pitch_offset: 1.47
# comming_angle: 55
# leaving_angle: 23
# decision_speed: 4
# high_speed_delay_time: 0.05  # 略微减少高速延迟，进一步提高响应速度 
# low_speed_delay_time: 0.10  # 略微减少低速延迟

# #####-----shooter参数-----#####
# first_tolerance: 3 # 近距离射击容差，degree 降低容差提高精度
# second_tolerance: 2 # 远距离射击容差，degree 降低容差提高精度
# judge_distance: 2 #距离判断阈值
# auto_fire: true # 是否由自瞄控制射击

# camera_name: "hikrobot"
# exposure_ms: 2.5
# gain: 16.0
# vid_pid: "2bdf:0001"

# #  1  0  0
# #  0  1  0
# #  0  0  1
# R_gimbal2imubody: [1, 0, 0, 0, 1, 0, 0, 0, 1]

# # 重投影误差: 0.0526px
# camera_matrix: [2367.1339239815302, 0, 721.80933814759874, 0, 2365.2787650707528, 563.7711750297442, 0, 0, 1]
# distort_coeffs: [-0.042601191724392778, 0.056451723004313122, 0.00049245314341547525, -0.00056268402792390736, 0]


# # 相机同理想情况的偏角: yaw-2.43 pitch-2.09 roll-0.37 degree
# # 标定板到世界坐标系原点的水平距离: 1.03 m
# # 标定板同竖直摆放时的偏角: yaw37.30 pitch13.62 roll0.23 degree
# # R_camera2gimbal: [0.042705553625286399, -0.036100665494035712, 0.99843526462182086, -0.99906702685524018, -0.007972148073996134, 0.042444324776314123, 0.0064274054009946678, -0.99931635972097155, -0.036407439539704184]
# # t_camera2gimbal: [0.052170759359524824, 0.006320181565120017, 0.027631803163269464]

# # 相机同理想情况的偏角: yaw-2.59 pitch-1.47 roll-0.79 degree
# R_camera2gimbal: [0.045525921103136913, -0.025047876807365244, 0.99864908470150515, -0.99886794846019544, -0.014943114872021157, 0.045161098933064019, 0.013791738346972841, -0.99957456309440196, -0.02569982038855545]
# t_camera2gimbal: [0.051300830384167183, 0.006579271341215295, 0.027529892986049929]


# #####-----cboard参数-----#####
# quaternion_canid: 0x100
# bullet_speed_canid: 0x101
# send_canid: 0xff
# can_interface: "can0"

# #####-----gimbal参数-----
# com_port: "/dev/ttyACM1"
# # yaw_kp: 0  # 进一步增加yaw轴比例增益，提高响应速度
# # yaw_kd: 0  # 进一步增加yaw轴微分增益，减少剩余震荡
# # pitch_kp: 0  # 进一步增加pitch轴比例增益，原先是0.22
# # pitch_kd: 0  # 进一步增加pitch轴微分增益，原先是0.15

# #####-----planner-----#####
# fire_thresh: 0.0025  # 当前设置为0.0035弧度（约0.2度）

# max_yaw_acc: 90  # 当前设置为60度/秒² serial: SerialException device reports readiness to write but returned no data
# Q_yaw: [3e6, 0.3]  # 当前位置权重为4e6，速度权重为0
# R_yaw: [1.57] # 当前设置为0.7
# max_pitch_acc: 75  # 当前设置为100度/秒²
# Q_pitch: [7e5, 0]  # 当前位置权重为6e6，速度权重为0
# R_pitch: [1.0]  # 当前设置为0.7

# #####-----buff_detector参数-----#####
# model: "assets/yolo11_buff_int8.xml"

# #####-----buff_aimer参数-----#####
# fire_gap_time: 0.700   # s
# predict_time: 0.120     # s 微调预测时间，可能需要根据实际情况调整

enemy_color: "red"
#enemy_color: "blue"

#####-----神经网络参数-----#####
yolo_name: yolov5
classify_model: assets/tiny_resnet.onnx
yolo11_model_path: assets/yolo11.xml
yolov8_model_path: assets/yolov8.xml
yolov5_model_path: assets/yolov5.xml
device: GPU
min_confidence: 0.8
use_traditional: true

#####-----ROI-----#####
roi: 
  x: 420
  y: 50
  width: 600
  height: 600

use_roi: false

#####-----传统方法参数-----#####
threshold: 150
max_angle_error: 45 # degree
min_lightbar_ratio: 1.5
max_lightbar_ratio: 20
min_lightbar_length: 8
min_armor_ratio: 1
max_armor_ratio: 5
max_side_ratio: 1.5
max_rectangular_error: 25 # degree

#####-----tracker参数-----#####
min_detect_count: 3
max_temp_lost_count: 15
outpost_max_temp_lost_count: 75

#####-----aimer参数----
yaw_offset: -2.59
pitch_offset: 1.47
comming_angle: 60
leaving_angle: 25
decision_speed: 8
high_speed_delay_time: 0.07  # 略微减少高速延迟，进一步提高响应速度 
low_speed_delay_time: 0.10  # 略微减少低速延迟

#####-----shooter参数-----#####
first_tolerance: 3 # 近距离射击容差，degree 降低容差提高精度
second_tolerance: 2 # 远距离射击容差，degree 降低容差提高精度
judge_distance: 2 #距离判断阈值
auto_fire: true # 是否由自瞄控制射击

camera_name: "hikrobot"
exposure_ms: 2.5
gain: 16.0
vid_pid: "2bdf:0001"

#  1  0  0
#  0  1  0
#  0  0  1
R_gimbal2imubody: [1, 0, 0, 0, 1, 0, 0, 0, 1]

# 重投影误差: 0.0526px
camera_matrix: [2367.1339239815302, 0, 721.80933814759874, 0, 2365.2787650707528, 563.7711750297442, 0, 0, 1]
distort_coeffs: [-0.042601191724392778, 0.056451723004313122, 0.00049245314341547525, -0.00056268402792390736, 0]


# 相机同理想情况的偏角: yaw-2.43 pitch-2.09 roll-0.37 degree
# 标定板到世界坐标系原点的水平距离: 1.03 m
# 标定板同竖直摆放时的偏角: yaw37.30 pitch13.62 roll0.23 degree
# R_camera2gimbal: [0.042705553625286399, -0.036100665494035712, 0.99843526462182086, -0.99906702685524018, -0.007972148073996134, 0.042444324776314123, 0.0064274054009946678, -0.99931635972097155, -0.036407439539704184]
# t_camera2gimbal: [0.052170759359524824, 0.006320181565120017, 0.027631803163269464]

# 相机同理想情况的偏角: yaw-2.59 pitch-1.47 roll-0.79 degree
R_camera2gimbal: [0.045525921103136913, -0.025047876807365244, 0.99864908470150515, -0.99886794846019544, -0.014943114872021157, 0.045161098933064019, 0.013791738346972841, -0.99957456309440196, -0.02569982038855545]
t_camera2gimbal: [0.051300830384167183, 0.006579271341215295, 0.027529892986049929]


#####-----cboard参数-----#####
quaternion_canid: 0x100
bullet_speed_canid: 0x101
send_canid: 0xff
can_interface: "can0"

#####-----gimbal参数-----
com_port: "/dev/ttyACM1"
gimbal_state_unit: "deg"
# yaw_kp: 0  # 进一步增加yaw轴比例增益，提高响应速度
# yaw_kd: 0  # 进一步增加yaw轴微分增益，减少剩余震荡
# pitch_kp: 0  # 进一步增加pitch轴比例增益，原先是0.22
# pitch_kd: 0  # 进一步增加pitch轴微分增益，原先是0.15

#####-----planner-----#####
fire_thresh: 0.0027  # 当前设置为0.0035弧度（约0.2度）

max_yaw_acc: 90  # 当前设置为60度/秒² serial: SerialException device reports readiness to write but returned no data
Q_yaw: [3e6, 0.3]  # 当前位置权重为4e6，速度权重为0
R_yaw: [1.57] # 当前设置为0.7
max_pitch_acc: 75  # 当前设置为100度/秒²
Q_pitch: [7e5, 0]  # 当前位置权重为6e6，速度权重为0
R_pitch: [1.0]  # 当前设置为0.7

#####-----buff_detector参数-----#####
model: "assets/yolo11_buff_int8.xml"

#####-----buff_aimer参数-----#####
fire_gap_time: 0.700   # s
predict_time: 0.120     # s 微调预测时间，可能需要根据实际情况调整

#####-----web_debugger参数-----#####
show_local: false
disable_web: false
web_host: "0.0.0.0"
web_port: 8090
web_fps: 30.0
web_scale: 0.8
web_jpeg_quality: 55
web_client_ttl_ms: 1000
